Kinetic,Collision,Radiative,Total, D_Effect
0.0000,    1.323E+02, 2.322E-03, 2.1E+02, 0.000E+00
0.0005,    1.323E+02, 2.322E-03, 1.7E+02, 0.000E+00
1.000E-03, 1.323E+02, 2.322E-03, 1.323E+02, 0.000E+00
1.500E-03, 1.003E+02, 2.513E-03, 1.003E+02, 0.000E+00
2.000E-03, 8.170E+01, 2.621E-03, 8.171E+01, 0.000E+00
2.500E-03, 6.942E+01, 2.689E-03, 6.942E+01, 0.000E+00
3.000E-03, 6.063E+01, 2.737E-03, 6.063E+01, 0.000E+00
3.500E-03, 5.400E+01, 2.771E-03, 5.400E+01, 0.000E+00
4.000E-03, 4.880E+01, 2.798E-03, 4.880E+01, 0.000E+00
4.500E-03, 4.461E+01, 2.818E-03, 4.461E+01, 0.000E+00
5.000E-03, 4.114E+01, 2.835E-03, 4.114E+01, 0.000E+00
6.000E-03, 3.574E+01, 2.859E-03, 3.574E+01, 0.000E+00
7.000E-03, 3.171E+01, 2.875E-03, 3.171E+01, 0.000E+00
8.000E-03, 2.857E+01, 2.887E-03, 2.857E+01, 0.000E+00
9.000E-03, 2.606E+01, 2.896E-03, 2.606E+01, 0.000E+00
1.000E-02, 2.399E+01, 2.903E-03, 2.399E+01, 0.000E+00
1.100E-02, 2.226E+01, 2.909E-03, 2.226E+01, 0.000E+00
1.200E-02, 2.079E+01, 2.913E-03, 2.079E+01, 0.000E+00
1.300E-02, 1.952E+01, 2.917E-03, 1.953E+01, 0.000E+00
1.400E-02, 1.842E+01, 2.921E-03, 1.842E+01, 0.000E+00
1.500E-02, 1.745E+01, 2.924E-03, 1.745E+01, 0.000E+00
1.600E-02, 1.659E+01, 2.927E-03, 1.659E+01, 0.000E+00
1.700E-02, 1.582E+01, 2.929E-03, 1.582E+01, 0.000E+00
1.800E-02, 1.513E+01, 2.932E-03, 1.513E+01, 0.000E+00
1.900E-02, 1.450E+01, 2.934E-03, 1.450E+01, 0.000E+00
2.000E-02, 1.393E+01, 2.936E-03, 1.393E+01, 0.000E+00
2.100E-02, 1.341E+01, 2.938E-03, 1.341E+01, 0.000E+00
2.200E-02, 1.294E+01, 2.940E-03, 1.294E+01, 0.000E+00
2.300E-02, 1.250E+01, 2.942E-03, 1.250E+01, 0.000E+00
2.400E-02, 1.209E+01, 2.944E-03, 1.209E+01, 0.000E+00
2.500E-02, 1.171E+01, 2.947E-03, 1.172E+01, 0.000E+00
2.600E-02, 1.136E+01, 2.949E-03, 1.137E+01, 0.000E+00
2.700E-02, 1.104E+01, 2.951E-03, 1.104E+01, 0.000E+00
2.800E-02, 1.073E+01, 2.953E-03, 1.074E+01, 0.000E+00
2.900E-02, 1.045E+01, 2.956E-03, 1.045E+01, 0.000E+00
3.000E-02, 1.018E+01, 2.958E-03, 1.018E+01, 0.000E+00
3.100E-02, 9.929E+00, 2.960E-03, 9.932E+00, 0.000E+00
3.200E-02, 9.691E+00, 2.963E-03, 9.694E+00, 0.000E+00
3.300E-02, 9.467E+00, 2.965E-03, 9.470E+00, 0.000E+00
3.400E-02, 9.255E+00, 2.967E-03, 9.258E+00, 0.000E+00
3.500E-02, 9.054E+00, 2.970E-03, 9.057E+00, 0.000E+00
3.600E-02, 8.863E+00, 2.972E-03, 8.866E+00, 0.000E+00
3.700E-02, 8.682E+00, 2.974E-03, 8.685E+00, 0.000E+00
3.800E-02, 8.509E+00, 2.977E-03, 8.512E+00, 0.000E+00
3.900E-02, 8.345E+00, 2.979E-03, 8.348E+00, 0.000E+00
4.000E-02, 8.188E+00, 2.982E-03, 8.191E+00, 0.000E+00
4.100E-02, 8.039E+00, 2.984E-03, 8.042E+00, 0.000E+00
4.200E-02, 7.896E+00, 2.987E-03, 7.899E+00, 0.000E+00
4.300E-02, 7.759E+00, 2.990E-03, 7.762E+00, 0.000E+00
4.400E-02, 7.628E+00, 2.993E-03, 7.631E+00, 0.000E+00
4.500E-02, 7.502E+00, 2.995E-03, 7.505E+00, 0.000E+00
4.600E-02, 7.382E+00, 2.998E-03, 7.385E+00, 0.000E+00
4.700E-02, 7.266E+00, 3.001E-03, 7.269E+00, 0.000E+00
4.800E-02, 7.155E+00, 3.004E-03, 7.158E+00, 0.000E+00
4.900E-02, 7.047E+00, 3.006E-03, 7.050E+00, 0.000E+00
5.000E-02, 6.944E+00, 3.009E-03, 6.947E+00, 0.000E+00
5.100E-02, 6.845E+00, 3.012E-03, 6.848E+00, 0.000E+00
5.200E-02, 6.749E+00, 3.015E-03, 6.752E+00, 0.000E+00
5.300E-02, 6.657E+00, 3.018E-03, 6.660E+00, 0.000E+00
5.400E-02, 6.567E+00, 3.021E-03, 6.570E+00, 0.000E+00
5.500E-02, 6.481E+00, 3.024E-03, 6.484E+00, 0.000E+00
5.600E-02, 6.398E+00, 3.027E-03, 6.401E+00, 0.000E+00
5.700E-02, 6.317E+00, 3.030E-03, 6.320E+00, 0.000E+00
5.800E-02, 6.239E+00, 3.033E-03, 6.242E+00, 0.000E+00
5.900E-02, 6.164E+00, 3.037E-03, 6.167E+00, 0.000E+00
6.000E-02, 6.091E+00, 3.040E-03, 6.094E+00, 0.000E+00
6.100E-02, 6.020E+00, 3.043E-03, 6.023E+00, 0.000E+00
6.200E-02, 5.951E+00, 3.046E-03, 5.954E+00, 0.000E+00
6.300E-02, 5.884E+00, 3.049E-03, 5.887E+00, 0.000E+00
6.400E-02, 5.819E+00, 3.053E-03, 5.822E+00, 0.000E+00
6.500E-02, 5.756E+00, 3.056E-03, 5.759E+00, 0.000E+00
6.600E-02, 5.695E+00, 3.059E-03, 5.698E+00, 0.000E+00
6.700E-02, 5.636E+00, 3.062E-03, 5.639E+00, 0.000E+00
6.800E-02, 5.578E+00, 3.066E-03, 5.581E+00, 0.000E+00
6.900E-02, 5.522E+00, 3.069E-03, 5.525E+00, 0.000E+00
7.000E-02, 5.467E+00, 3.072E-03, 5.470E+00, 0.000E+00
7.100E-02, 5.414E+00, 3.076E-03, 5.417E+00, 0.000E+00
7.200E-02, 5.362E+00, 3.079E-03, 5.365E+00, 0.000E+00
7.300E-02, 5.312E+00, 3.082E-03, 5.315E+00, 0.000E+00
7.400E-02, 5.263E+00, 3.086E-03, 5.266E+00, 0.000E+00
7.500E-02, 5.215E+00, 3.089E-03, 5.218E+00, 0.000E+00
7.600E-02, 5.168E+00, 3.093E-03, 5.171E+00, 0.000E+00
7.700E-02, 5.122E+00, 3.096E-03, 5.125E+00, 0.000E+00
7.800E-02, 5.078E+00, 3.100E-03, 5.081E+00, 0.000E+00
7.900E-02, 5.034E+00, 3.104E-03, 5.037E+00, 0.000E+00
8.000E-02, 4.992E+00, 3.107E-03, 4.995E+00, 0.000E+00
8.100E-02, 4.950E+00, 3.111E-03, 4.953E+00, 0.000E+00
8.200E-02, 4.910E+00, 3.114E-03, 4.913E+00, 0.000E+00
8.300E-02, 4.870E+00, 3.118E-03, 4.873E+00, 0.000E+00
8.400E-02, 4.832E+00, 3.122E-03, 4.835E+00, 0.000E+00
8.500E-02, 4.794E+00, 3.126E-03, 4.797E+00, 0.000E+00
8.600E-02, 4.757E+00, 3.129E-03, 4.760E+00, 0.000E+00
8.700E-02, 4.721E+00, 3.133E-03, 4.724E+00, 0.000E+00
8.800E-02, 4.685E+00, 3.137E-03, 4.689E+00, 0.000E+00
8.900E-02, 4.651E+00, 3.141E-03, 4.654E+00, 0.000E+00
9.000E-02, 4.617E+00, 3.144E-03, 4.620E+00, 0.000E+00
9.100E-02, 4.584E+00, 3.148E-03, 4.587E+00, 0.000E+00
9.200E-02, 4.551E+00, 3.152E-03, 4.554E+00, 0.000E+00
9.300E-02, 4.519E+00, 3.156E-03, 4.523E+00, 0.000E+00
9.400E-02, 4.488E+00, 3.160E-03, 4.491E+00, 0.000E+00
9.500E-02, 4.458E+00, 3.164E-03, 4.461E+00, 0.000E+00
9.600E-02, 4.428E+00, 3.167E-03, 4.431E+00, 0.000E+00
9.700E-02, 4.398E+00, 3.171E-03, 4.402E+00, 0.000E+00
9.800E-02, 4.370E+00, 3.175E-03, 4.373E+00, 0.000E+00
9.900E-02, 4.342E+00, 3.179E-03, 4.345E+00, 0.000E+00
1.000E-01, 4.314E+00, 3.183E-03, 4.317E+00, 0.000E+00
1.100E-01, 4.064E+00, 3.224E-03, 4.067E+00, 0.000E+00
1.200E-01, 3.854E+00, 3.267E-03, 3.857E+00, 0.000E+00
1.300E-01, 3.675E+00, 3.311E-03, 3.679E+00, 0.000E+00
1.400E-01, 3.522E+00, 3.356E-03, 3.525E+00, 0.000E+00
1.500E-01, 3.388E+00, 3.402E-03, 3.392E+00, 0.000E+00
1.600E-01, 3.271E+00, 3.450E-03, 3.275E+00, 0.000E+00
1.700E-01, 3.168E+00, 3.498E-03, 3.171E+00, 0.000E+00
1.800E-01, 3.076E+00, 3.548E-03, 3.079E+00, 0.000E+00
1.900E-01, 2.994E+00, 3.598E-03, 2.997E+00, 0.000E+00
2.000E-01, 2.920E+00, 3.650E-03, 2.923E+00, 0.000E+00
2.100E-01, 2.853E+00, 3.702E-03, 2.857E+00, 0.000E+00
2.200E-01, 2.792E+00, 3.756E-03, 2.796E+00, 0.000E+00
2.300E-01, 2.737E+00, 3.810E-03, 2.741E+00, 0.000E+00
2.400E-01, 2.687E+00, 3.865E-03, 2.691E+00, 0.000E+00
2.500E-01, 2.641E+00, 3.922E-03, 2.645E+00, 0.000E+00
2.600E-01, 2.598E+00, 3.979E-03, 2.602E+00, 0.000E+00
2.700E-01, 2.559E+00, 4.038E-03, 2.563E+00, 0.000E+00
2.800E-01, 2.523E+00, 4.097E-03, 2.527E+00, 0.000E+00
2.900E-01, 2.489E+00, 4.157E-03, 2.493E+00, 0.000E+00
3.000E-01, 2.458E+00, 4.218E-03, 2.462E+00, 0.000E+00
3.100E-01, 2.429E+00, 4.280E-03, 2.433E+00, 0.000E+00
3.200E-01, 2.402E+00, 4.343E-03, 2.407E+00, 0.000E+00
3.300E-01, 2.377E+00, 4.406E-03, 2.381E+00, 0.000E+00
3.400E-01, 2.353E+00, 4.470E-03, 2.358E+00, 0.000E+00
3.500E-01, 2.331E+00, 4.535E-03, 2.336E+00, 0.000E+00
3.600E-01, 2.311E+00, 4.601E-03, 2.315E+00, 0.000E+00
3.700E-01, 2.291E+00, 4.667E-03, 2.296E+00, 0.000E+00
3.800E-01, 2.273E+00, 4.735E-03, 2.278E+00, 0.000E+00
3.900E-01, 2.256E+00, 4.803E-03, 2.261E+00, 0.000E+00
4.000E-01, 2.239E+00, 4.872E-03, 2.244E+00, 3.478E-03
4.100E-01, 2.223E+00, 4.942E-03, 2.228E+00, 8.490E-03
4.200E-01, 2.208E+00, 5.012E-03, 2.213E+00, 1.366E-02
4.300E-01, 2.194E+00, 5.083E-03, 2.199E+00, 1.897E-02
4.400E-01, 2.181E+00, 5.155E-03, 2.186E+00, 2.442E-02
4.500E-01, 2.168E+00, 5.227E-03, 2.173E+00, 3.000E-02
4.600E-01, 2.156E+00, 5.300E-03, 2.161E+00, 3.569E-02
4.700E-01, 2.144E+00, 5.374E-03, 2.150E+00, 4.151E-02
4.800E-01, 2.133E+00, 5.448E-03, 2.139E+00, 4.742E-02
4.900E-01, 2.123E+00, 5.523E-03, 2.128E+00, 5.344E-02
5.000E-01, 2.113E+00, 5.599E-03, 2.118E+00, 5.956E-02
5.100E-01, 2.103E+00, 5.675E-03, 2.109E+00, 6.576E-02
5.200E-01, 2.094E+00, 5.752E-03, 2.100E+00, 7.204E-02
5.300E-01, 2.085E+00, 5.829E-03, 2.091E+00, 7.840E-02
5.400E-01, 2.077E+00, 5.907E-03, 2.083E+00, 8.484E-02
5.500E-01, 2.069E+00, 5.985E-03, 2.075E+00, 9.134E-02
5.600E-01, 2.061E+00, 6.064E-03, 2.068E+00, 9.791E-02
5.700E-01, 2.054E+00, 6.144E-03, 2.060E+00, 1.045E-01
5.800E-01, 2.047E+00, 6.224E-03, 2.053E+00, 1.112E-01
5.900E-01, 2.041E+00, 6.304E-03, 2.047E+00, 1.180E-01
6.000E-01, 2.034E+00, 6.385E-03, 2.041E+00, 1.247E-01
6.100E-01, 2.028E+00, 6.466E-03, 2.035E+00, 1.316E-01
6.200E-01, 2.022E+00, 6.549E-03, 2.029E+00, 1.384E-01
6.300E-01, 2.017E+00, 6.631E-03, 2.023E+00, 1.454E-01
6.400E-01, 2.011E+00, 6.714E-03, 2.018E+00, 1.523E-01
6.500E-01, 2.006E+00, 6.798E-03, 2.013E+00, 1.593E-01
6.600E-01, 2.001E+00, 6.881E-03, 2.008E+00, 1.663E-01
6.700E-01, 1.996E+00, 6.966E-03, 2.003E+00, 1.733E-01
6.800E-01, 1.991E+00, 7.051E-03, 1.999E+00, 1.804E-01
6.900E-01, 1.987E+00, 7.136E-03, 1.994E+00, 1.875E-01
7.000E-01, 1.983E+00, 7.222E-03, 1.990E+00, 1.946E-01
7.100E-01, 1.979E+00, 7.308E-03, 1.986E+00, 2.017E-01
7.200E-01, 1.975E+00, 7.394E-03, 1.982E+00, 2.089E-01
7.300E-01, 1.971E+00, 7.481E-03, 1.978E+00, 2.160E-01
7.400E-01, 1.967E+00, 7.568E-03, 1.975E+00, 2.232E-01
7.500E-01, 1.964E+00, 7.656E-03, 1.971E+00, 2.304E-01
7.600E-01, 1.960E+00, 7.744E-03, 1.968E+00, 2.376E-01
7.700E-01, 1.957E+00, 7.833E-03, 1.965E+00, 2.448E-01
7.800E-01, 1.954E+00, 7.921E-03, 1.962E+00, 2.520E-01
7.900E-01, 1.951E+00, 8.011E-03, 1.959E+00, 2.592E-01
8.000E-01, 1.948E+00, 8.101E-03, 1.956E+00, 2.664E-01
8.100E-01, 1.945E+00, 8.191E-03, 1.953E+00, 2.737E-01
8.200E-01, 1.942E+00, 8.281E-03, 1.951E+00, 2.809E-01
8.300E-01, 1.940E+00, 8.372E-03, 1.948E+00, 2.881E-01
8.400E-01, 1.937E+00, 8.463E-03, 1.946E+00, 2.954E-01
8.500E-01, 1.935E+00, 8.555E-03, 1.943E+00, 3.026E-01
8.600E-01, 1.932E+00, 8.647E-03, 1.941E+00, 3.098E-01
8.700E-01, 1.930E+00, 8.740E-03, 1.939E+00, 3.171E-01
8.800E-01, 1.928E+00, 8.833E-03, 1.937E+00, 3.243E-01
8.900E-01, 1.926E+00, 8.926E-03, 1.935E+00, 3.315E-01
9.000E-01, 1.924E+00, 9.020E-03, 1.933E+00, 3.387E-01
9.100E-01, 1.922E+00, 9.114E-03, 1.931E+00, 3.459E-01
9.200E-01, 1.920E+00, 9.208E-03, 1.929E+00, 3.531E-01
9.300E-01, 1.918E+00, 9.303E-03, 1.927E+00, 3.603E-01
9.400E-01, 1.916E+00, 9.398E-03, 1.925E+00, 3.675E-01
9.500E-01, 1.914E+00, 9.493E-03, 1.924E+00, 3.746E-01
9.600E-01, 1.913E+00, 9.589E-03, 1.922E+00, 3.818E-01
9.700E-01, 1.911E+00, 9.685E-03, 1.921E+00, 3.890E-01
9.800E-01, 1.909E+00, 9.782E-03, 1.919E+00, 3.961E-01
9.900E-01, 1.908E+00, 9.879E-03, 1.918E+00, 4.032E-01
1.000E+00, 1.907E+00, 9.976E-03, 1.916E+00, 4.103E-01
1.100E+00, 1.894E+00, 1.097E-02, 1.905E+00, 4.808E-01
1.200E+00, 1.886E+00, 1.199E-02, 1.898E+00, 5.496E-01
1.300E+00, 1.880E+00, 1.304E-02, 1.893E+00, 6.167E-01
1.400E+00, 1.876E+00, 1.411E-02, 1.890E+00, 6.819E-01
1.500E+00, 1.874E+00, 1.522E-02, 1.889E+00, 7.451E-01
1.600E+00, 1.872E+00, 1.634E-02, 1.889E+00, 8.065E-01
1.700E+00, 1.872E+00, 1.749E-02, 1.890E+00, 8.660E-01
1.800E+00, 1.872E+00, 1.866E-02, 1.891E+00, 9.237E-01
1.900E+00, 1.873E+00, 1.984E-02, 1.893E+00, 9.796E-01
2.000E+00, 1.874E+00, 2.105E-02, 1.895E+00, 1.034E+00
2.100E+00, 1.876E+00, 2.227E-02, 1.898E+00, 1.087E+00
2.200E+00, 1.878E+00, 2.351E-02, 1.901E+00, 1.138E+00
2.300E+00, 1.880E+00, 2.477E-02, 1.904E+00, 1.187E+00
2.400E+00, 1.882E+00, 2.604E-02, 1.908E+00, 1.236E+00
2.500E+00, 1.884E+00, 2.732E-02, 1.911E+00, 1.283E+00
2.600E+00, 1.886E+00, 2.862E-02, 1.915E+00, 1.328E+00
2.700E+00, 1.889E+00, 2.993E-02, 1.919E+00, 1.373E+00
2.800E+00, 1.891E+00, 3.125E-02, 1.923E+00, 1.416E+00
2.900E+00, 1.894E+00, 3.258E-02, 1.926E+00, 1.458E+00
3.000E+00, 1.896E+00, 3.393E-02, 1.930E+00, 1.499E+00
3.100E+00, 1.899E+00, 3.528E-02, 1.934E+00, 1.540E+00
3.200E+00, 1.902E+00, 3.665E-02, 1.938E+00, 1.579E+00
3.300E+00, 1.904E+00, 3.803E-02, 1.942E+00, 1.617E+00
3.400E+00, 1.907E+00, 3.941E-02, 1.946E+00, 1.655E+00
3.500E+00, 1.909E+00, 4.081E-02, 1.950E+00, 1.691E+00
3.600E+00, 1.912E+00, 4.222E-02, 1.954E+00, 1.727E+00
3.700E+00, 1.914E+00, 4.363E-02, 1.958E+00, 1.762E+00
3.800E+00, 1.917E+00, 4.506E-02, 1.962E+00, 1.797E+00
3.900E+00, 1.919E+00, 4.649E-02, 1.966E+00, 1.831E+00
4.000E+00, 1.922E+00, 4.793E-02, 1.970E+00, 1.864E+00
4.100E+00, 1.924E+00, 4.938E-02, 1.973E+00, 1.896E+00
4.200E+00, 1.926E+00, 5.084E-02, 1.977E+00, 1.928E+00
4.300E+00, 1.929E+00, 5.231E-02, 1.981E+00, 1.959E+00
4.400E+00, 1.931E+00, 5.378E-02, 1.985E+00, 1.990E+00
4.500E+00, 1.933E+00, 5.526E-02, 1.989E+00, 2.020E+00
4.600E+00, 1.936E+00, 5.675E-02, 1.992E+00, 2.049E+00
4.700E+00, 1.938E+00, 5.824E-02, 1.996E+00, 2.078E+00
4.800E+00, 1.940E+00, 5.974E-02, 2.000E+00, 2.107E+00
4.900E+00, 1.942E+00, 6.125E-02, 2.003E+00, 2.135E+00
5.000E+00, 1.944E+00, 6.277E-02, 2.007E+00, 2.162E+00
5.100E+00, 1.946E+00, 6.429E-02, 2.011E+00, 2.189E+00
5.200E+00, 1.949E+00, 6.582E-02, 2.014E+00, 2.216E+00
5.300E+00, 1.951E+00, 6.735E-02, 2.018E+00, 2.243E+00
5.400E+00, 1.953E+00, 6.889E-02, 2.022E+00, 2.268E+00
5.500E+00, 1.955E+00, 7.044E-02, 2.025E+00, 2.294E+00
5.600E+00, 1.957E+00, 7.199E-02, 2.029E+00, 2.319E+00
5.700E+00, 1.959E+00, 7.355E-02, 2.032E+00, 2.344E+00
5.800E+00, 1.960E+00, 7.511E-02, 2.036E+00, 2.368E+00
5.900E+00, 1.962E+00, 7.668E-02, 2.039E+00, 2.392E+00
6.000E+00, 1.964E+00, 7.825E-02, 2.042E+00, 2.416E+00
6.100E+00, 1.966E+00, 7.983E-02, 2.046E+00, 2.440E+00
6.200E+00, 1.968E+00, 8.142E-02, 2.049E+00, 2.463E+00
6.300E+00, 1.970E+00, 8.301E-02, 2.053E+00, 2.486E+00
6.400E+00, 1.971E+00, 8.460E-02, 2.056E+00, 2.508E+00
6.500E+00, 1.973E+00, 8.620E-02, 2.059E+00, 2.530E+00
6.600E+00, 1.975E+00, 8.780E-02, 2.063E+00, 2.552E+00
6.700E+00, 1.977E+00, 8.941E-02, 2.066E+00, 2.574E+00
6.800E+00, 1.978E+00, 9.103E-02, 2.069E+00, 2.596E+00
6.900E+00, 1.980E+00, 9.264E-02, 2.073E+00, 2.617E+00
7.000E+00, 1.982E+00, 9.427E-02, 2.076E+00, 2.638E+00
7.100E+00, 1.983E+00, 9.589E-02, 2.079E+00, 2.658E+00
7.200E+00, 1.985E+00, 9.752E-02, 2.082E+00, 2.679E+00
7.300E+00, 1.986E+00, 9.916E-02, 2.085E+00, 2.699E+00
7.400E+00, 1.988E+00, 1.008E-01, 2.089E+00, 2.719E+00
7.500E+00, 1.989E+00, 1.024E-01, 2.092E+00, 2.739E+00
7.600E+00, 1.991E+00, 1.041E-01, 2.095E+00, 2.759E+00
7.700E+00, 1.992E+00, 1.057E-01, 2.098E+00, 2.778E+00
7.800E+00, 1.994E+00, 1.074E-01, 2.101E+00, 2.797E+00
7.900E+00, 1.995E+00, 1.090E-01, 2.104E+00, 2.816E+00
8.000E+00, 1.997E+00, 1.107E-01, 2.107E+00, 2.835E+00
8.100E+00, 1.998E+00, 1.124E-01, 2.111E+00, 2.853E+00
8.200E+00, 2.000E+00, 1.140E-01, 2.114E+00, 2.872E+00
8.300E+00, 2.001E+00, 1.157E-01, 2.117E+00, 2.890E+00
8.400E+00, 2.002E+00, 1.174E-01, 2.120E+00, 2.908E+00
8.500E+00, 2.004E+00, 1.191E-01, 2.123E+00, 2.926E+00
8.600E+00, 2.005E+00, 1.208E-01, 2.126E+00, 2.944E+00
8.700E+00, 2.006E+00, 1.225E-01, 2.129E+00, 2.961E+00
8.800E+00, 2.008E+00, 1.241E-01, 2.132E+00, 2.979E+00
8.900E+00, 2.009E+00, 1.258E-01, 2.135E+00, 2.996E+00
9.000E+00, 2.010E+00, 1.275E-01, 2.138E+00, 3.013E+00
9.100E+00, 2.011E+00, 1.292E-01, 2.141E+00, 3.030E+00
9.200E+00, 2.013E+00, 1.309E-01, 2.144E+00, 3.047E+00
9.300E+00, 2.014E+00, 1.326E-01, 2.147E+00, 3.063E+00
9.400E+00, 2.015E+00, 1.344E-01, 2.149E+00, 3.080E+00
9.500E+00, 2.016E+00, 1.361E-01, 2.152E+00, 3.096E+00
9.600E+00, 2.018E+00, 1.378E-01, 2.155E+00, 3.112E+00
9.700E+00, 2.019E+00, 1.395E-01, 2.158E+00, 3.128E+00
9.800E+00, 2.020E+00, 1.412E-01, 2.161E+00, 3.144E+00
9.900E+00, 2.021E+00, 1.430E-01, 2.164E+00, 3.160E+00
1.000E+01, 2.022E+00, 1.447E-01, 2.167E+00, 3.176E+00
1.010E+01, 2.023E+00, 1.464E-01, 2.170E+00, 3.191E+00
1.020E+01, 2.024E+00, 1.481E-01, 2.173E+00, 3.207E+00
1.030E+01, 2.025E+00, 1.499E-01, 2.175E+00, 3.222E+00
1.040E+01, 2.027E+00, 1.516E-01, 2.178E+00, 3.237E+00
1.050E+01, 2.028E+00, 1.534E-01, 2.181E+00, 3.252E+00
1.060E+01, 2.029E+00, 1.551E-01, 2.184E+00, 3.267E+00
1.070E+01, 2.030E+00, 1.568E-01, 2.187E+00, 3.282E+00
1.080E+01, 2.031E+00, 1.586E-01, 2.189E+00, 3.297E+00
1.090E+01, 2.032E+00, 1.603E-01, 2.192E+00, 3.311E+00
1.100E+01, 2.033E+00, 1.621E-01, 2.195E+00, 3.326E+00
1.110E+01, 2.034E+00, 1.639E-01, 2.198E+00, 3.340E+00
1.120E+01, 2.035E+00, 1.656E-01, 2.201E+00, 3.355E+00
1.130E+01, 2.036E+00, 1.674E-01, 2.203E+00, 3.369E+00
1.140E+01, 2.037E+00, 1.691E-01, 2.206E+00, 3.383E+00
1.150E+01, 2.038E+00, 1.709E-01, 2.209E+00, 3.397E+00
1.160E+01, 2.039E+00, 1.727E-01, 2.212E+00, 3.411E+00
1.170E+01, 2.040E+00, 1.744E-01, 2.214E+00, 3.425E+00
1.180E+01, 2.041E+00, 1.762E-01, 2.217E+00, 3.438E+00
1.190E+01, 2.042E+00, 1.780E-01, 2.220E+00, 3.452E+00
1.200E+01, 2.043E+00, 1.798E-01, 2.222E+00, 3.466E+00
1.210E+01, 2.044E+00, 1.815E-01, 2.225E+00, 3.479E+00
1.220E+01, 2.044E+00, 1.833E-01, 2.228E+00, 3.492E+00
1.230E+01, 2.045E+00, 1.851E-01, 2.231E+00, 3.506E+00
1.240E+01, 2.046E+00, 1.869E-01, 2.233E+00, 3.519E+00
1.250E+01, 2.047E+00, 1.887E-01, 2.236E+00, 3.532E+00
1.260E+01, 2.048E+00, 1.905E-01, 2.239E+00, 3.545E+00
1.270E+01, 2.049E+00, 1.923E-01, 2.241E+00, 3.558E+00
1.280E+01, 2.050E+00, 1.941E-01, 2.244E+00, 3.571E+00
1.290E+01, 2.051E+00, 1.959E-01, 2.247E+00, 3.583E+00
1.300E+01, 2.052E+00, 1.977E-01, 2.249E+00, 3.596E+00
1.310E+01, 2.052E+00, 1.995E-01, 2.252E+00, 3.609E+00
1.320E+01, 2.053E+00, 2.013E-01, 2.254E+00, 3.621E+00
1.330E+01, 2.054E+00, 2.031E-01, 2.257E+00, 3.634E+00
1.340E+01, 2.055E+00, 2.049E-01, 2.260E+00, 3.646E+00
1.350E+01, 2.056E+00, 2.067E-01, 2.262E+00, 3.658E+00
1.360E+01, 2.056E+00, 2.085E-01, 2.265E+00, 3.671E+00
1.370E+01, 2.057E+00, 2.103E-01, 2.268E+00, 3.683E+00
1.380E+01, 2.058E+00, 2.121E-01, 2.270E+00, 3.695E+00
1.390E+01, 2.059E+00, 2.139E-01, 2.273E+00, 3.707E+00
1.400E+01, 2.060E+00, 2.157E-01, 2.275E+00, 3.719E+00
1.410E+01, 2.060E+00, 2.176E-01, 2.278E+00, 3.731E+00
1.420E+01, 2.061E+00, 2.194E-01, 2.281E+00, 3.743E+00
1.430E+01, 2.062E+00, 2.212E-01, 2.283E+00, 3.754E+00
1.440E+01, 2.063E+00, 2.230E-01, 2.286E+00, 3.766E+00
1.450E+01, 2.063E+00, 2.249E-01, 2.288E+00, 3.778E+00
1.460E+01, 2.064E+00, 2.267E-01, 2.291E+00, 3.789E+00
1.470E+01, 2.065E+00, 2.285E-01, 2.293E+00, 3.801E+00
1.480E+01, 2.066E+00, 2.303E-01, 2.296E+00, 3.812E+00
1.490E+01, 2.066E+00, 2.322E-01, 2.299E+00, 3.823E+00
1.500E+01, 2.067E+00, 2.340E-01, 2.301E+00, 3.835E+00
1.510E+01, 2.068E+00, 2.358E-01, 2.304E+00, 3.846E+00
1.520E+01, 2.069E+00, 2.377E-01, 2.306E+00, 3.857E+00
1.530E+01, 2.069E+00, 2.395E-01, 2.309E+00, 3.868E+00
1.540E+01, 2.070E+00, 2.414E-01, 2.311E+00, 3.879E+00
1.550E+01, 2.071E+00, 2.432E-01, 2.314E+00, 3.890E+00
1.560E+01, 2.071E+00, 2.450E-01, 2.316E+00, 3.901E+00
1.570E+01, 2.072E+00, 2.469E-01, 2.319E+00, 3.912E+00
1.580E+01, 2.073E+00, 2.487E-01, 2.321E+00, 3.923E+00
1.590E+01, 2.073E+00, 2.506E-01, 2.324E+00, 3.934E+00
1.600E+01, 2.074E+00, 2.524E-01, 2.326E+00, 3.945E+00
1.610E+01, 2.075E+00, 2.543E-01, 2.329E+00, 3.955E+00
1.620E+01, 2.075E+00, 2.561E-01, 2.331E+00, 3.966E+00
1.630E+01, 2.076E+00, 2.580E-01, 2.334E+00, 3.976E+00
1.640E+01, 2.077E+00, 2.598E-01, 2.336E+00, 3.987E+00
1.650E+01, 2.077E+00, 2.617E-01, 2.339E+00, 3.997E+00
1.660E+01, 2.078E+00, 2.636E-01, 2.341E+00, 4.008E+00
1.670E+01, 2.079E+00, 2.654E-01, 2.344E+00, 4.018E+00
1.680E+01, 2.079E+00, 2.673E-01, 2.346E+00, 4.028E+00
1.690E+01, 2.080E+00, 2.691E-01, 2.349E+00, 4.039E+00
1.700E+01, 2.080E+00, 2.710E-01, 2.351E+00, 4.049E+00
1.710E+01, 2.081E+00, 2.729E-01, 2.354E+00, 4.059E+00
1.720E+01, 2.082E+00, 2.747E-01, 2.356E+00, 4.069E+00
1.730E+01, 2.082E+00, 2.766E-01, 2.359E+00, 4.079E+00
1.740E+01, 2.083E+00, 2.785E-01, 2.361E+00, 4.089E+00
1.750E+01, 2.083E+00, 2.803E-01, 2.364E+00, 4.099E+00
1.760E+01, 2.084E+00, 2.822E-01, 2.366E+00, 4.109E+00
1.770E+01, 2.085E+00, 2.841E-01, 2.369E+00, 4.119E+00
1.780E+01, 2.085E+00, 2.859E-01, 2.371E+00, 4.129E+00
1.790E+01, 2.086E+00, 2.878E-01, 2.374E+00, 4.139E+00
1.800E+01, 2.086E+00, 2.897E-01, 2.376E+00, 4.148E+00
1.810E+01, 2.087E+00, 2.916E-01, 2.379E+00, 4.158E+00
1.820E+01, 2.088E+00, 2.934E-01, 2.381E+00, 4.168E+00
1.830E+01, 2.088E+00, 2.953E-01, 2.383E+00, 4.177E+00
1.840E+01, 2.089E+00, 2.972E-01, 2.386E+00, 4.187E+00
1.850E+01, 2.089E+00, 2.991E-01, 2.388E+00, 4.196E+00
1.860E+01, 2.090E+00, 3.010E-01, 2.391E+00, 4.206E+00
1.870E+01, 2.090E+00, 3.029E-01, 2.393E+00, 4.215E+00
1.880E+01, 2.091E+00, 3.047E-01, 2.396E+00, 4.225E+00
1.890E+01, 2.091E+00, 3.066E-01, 2.398E+00, 4.234E+00
1.900E+01, 2.092E+00, 3.085E-01, 2.401E+00, 4.243E+00
1.910E+01, 2.093E+00, 3.104E-01, 2.403E+00, 4.252E+00
1.920E+01, 2.093E+00, 3.123E-01, 2.405E+00, 4.262E+00
1.930E+01, 2.094E+00, 3.142E-01, 2.408E+00, 4.271E+00
1.940E+01, 2.094E+00, 3.161E-01, 2.410E+00, 4.280E+00
1.950E+01, 2.095E+00, 3.180E-01, 2.413E+00, 4.289E+00
1.960E+01, 2.095E+00, 3.199E-01, 2.415E+00, 4.298E+00
1.970E+01, 2.096E+00, 3.217E-01, 2.417E+00, 4.307E+00
1.980E+01, 2.096E+00, 3.236E-01, 2.420E+00, 4.316E+00
1.990E+01, 2.097E+00, 3.255E-01, 2.422E+00, 4.325E+00
2.000E+01, 2.097E+00, 3.274E-01, 2.425E+00, 4.334E+00
2.500E+01, 2.120E+00, 4.235E-01, 2.543E+00, 4.737E+00
3.000E+01, 2.137E+00, 5.213E-01, 2.659E+00, 5.076E+00
3.500E+01, 2.152E+00, 6.204E-01, 2.772E+00, 5.366E+00
4.000E+01, 2.164E+00, 7.207E-01, 2.885E+00, 5.621E+00
4.500E+01, 2.175E+00, 8.219E-01, 2.997E+00, 5.848E+00
5.000E+01, 2.185E+00, 9.237E-01, 3.108E+00, 6.052E+00
6.000E+01, 2.201E+00, 1.129E+00, 3.331E+00, 6.407E+00
7.000E+01, 2.215E+00, 1.337E+00, 3.552E+00, 6.710E+00
8.000E+01, 2.227E+00, 1.546E+00, 3.773E+00, 6.972E+00
9.000E+01, 2.237E+00, 1.757E+00, 3.994E+00, 7.205E+00
1.000E+02, 2.246E+00, 1.968E+00, 4.215E+00, 7.413E+00
1.500E+02, 2.282E+00, 3.037E+00, 5.319E+00, 8.218E+00
2.000E+02, 2.307E+00, 4.119E+00, 6.426E+00, 8.791E+00
2.500E+02, 2.326E+00, 5.209E+00, 7.535E+00, 9.235E+00
3.000E+02, 2.342E+00, 6.304E+00, 8.646E+00, 9.599E+00
3.500E+02, 2.356E+00, 7.403E+00, 9.759E+00, 9.907E+00
4.000E+02, 2.367E+00, 8.506E+00, 1.087E+01, 1.017E+01
4.500E+02, 2.377E+00, 9.611E+00, 1.199E+01, 1.041E+01
5.000E+02, 2.387E+00, 1.072E+01, 1.310E+01, 1.062E+01
6.000E+02, 2.402E+00, 1.294E+01, 1.534E+01, 1.098E+01
7.000E+02, 2.416E+00, 1.516E+01, 1.757E+01, 1.129E+01
8.000E+02, 2.427E+00, 1.739E+01, 1.981E+01, 1.156E+01
9.000E+02, 2.437E+00, 1.961E+01, 2.205E+01, 1.179E+01
1.000E+03, 2.447E+00, 2.185E+01, 2.429E+01, 1.200E+01
1.500E+03, 2.482E+00, 3.303E+01, 3.551E+01, 1.281E+01
2.000E+03, 2.506E+00, 4.424E+01, 4.675E+01, 1.339E+01
2.500E+03, 2.526E+00, 5.547E+01, 5.799E+01, 1.384E+01
3.000E+03, 2.542E+00, 6.670E+01, 6.924E+01, 1.420E+01
3.500E+03, 2.555E+00, 7.794E+01, 8.050E+01, 1.451E+01
4.000E+03, 2.566E+00, 8.919E+01, 9.175E+01, 1.478E+01
4.500E+03, 2.577E+00, 1.004E+02, 1.030E+02, 1.501E+01
5.000E+03, 2.586E+00, 1.117E+02, 1.143E+02, 1.522E+01
6.000E+03, 2.601E+00, 1.342E+02, 1.368E+02, 1.559E+01
7.000E+03, 2.615E+00, 1.567E+02, 1.593E+02, 1.589E+01
8.000E+03, 2.626E+00, 1.793E+02, 1.819E+02, 1.616E+01
9.000E+03, 2.636E+00, 2.018E+02, 2.044E+02, 1.640E+01
1.000E+04, 2.646E+00, 2.243E+02, 2.270E+02, 1.661E+01
